100 2085 4418 4323 6108 2580 140 4672 9383 8355 6218 4546 1141 
9821
 
3283 1025 1052    
2284 7684 2832 7351    5616  
8218 6429 3537 
4504 2594 903 
9363 6377 230 8485 3500 8498 
1425 6892 940 9443 1757 9728 

8902 6804 3267 9784 1387 226 6648 2650 
6828 2407 9669 8259 9807 8154 2184 9677
 2143 1251 310 2743 5685 869 8984 1698 
 2032 9030 2794 7001 4954 1088 3275 9958 2021 
 7081 3197 7879 2678 3044 9064 4412 5658 99 
6010 1417 2944 9918 8777 2523 7255 7269 2854 
6715 6891 969 7565 7765 2433 1662 7052 9129 